Jaco_GS_test_rand

 Run Jacobi Method:
 Total iterarion = 17 
 Final answer=-0.00953221293644 0.03102964159720 -0.02670288589201 0.01141034996126 0.01146101895463 -0.02304369897164 -0.01299749688888 0.00719513030871 0.01428492000333 -0.00676040847501 -0.01972940538038 -0.01051071864159 0.00129674178429 0.01355372973897 0.00473909310659 -0.00396864740256 0.00086754286324 0.00782758969610 0.01506417751114 0.01671716695877 0.00997399407190 -0.00569521204267 -0.00660199881864 0.01520867186502 0.01557562818089 -0.00928948393313 0.01837281129422 -0.00113171590029 0.00679911912328 -0.00039963100544 -0.00475246794837 -0.00526970647460 0.00410254708461 0.01919604186008 0.00361697159943 0.00515891212947 -0.00050578680710 0.00871824863514 -0.00168223701078 0.00883135454345 0.00206013977816 0.01274871251172 0.00440442739967 -0.00675708427118 0.00693900359628 -0.00611678397905 0.01290455862183 -0.00615798112227 0.00730284481805 0.00123347070814 0.00020307639780 -0.00517444873685 -0.00761110118353 0.00296607956376 -0.00341359056213 -0.00294843977193 0.00312265119428 -0.01131796912347 0.00157298887629 0.00621244928405 0.00253063715809 -0.00733349630990 -0.00639403741618 -0.00841807034993 -0.00692266149524 -0.01444038598254 -0.00576231716805 0.00819879937534 0.00905700095553 0.00540550114649 -0.00595049757610 -0.01189990467293 -0.00636973350297 -0.00238730613017 0.00748623896884 -0.01511793390619 -0.01287261109632 0.00679700413495 -0.00894126685931 -0.00242696894187 -0.00120227710553 0.00364602163489 0.00755764759453 -0.00157433487646 -0.00955382747928 -0.00262015288562 -0.00518770865543 -0.00179552445352 0.01253654274029 0.01046167958767 0.00528311646368 -0.00722559894358 0.00897931264537 -0.00411299351431 0.00034393118885 -0.01763730911159 0.00073161555561 -0.00985187430089 -0.01211137368952 -0.00197408135070 error = 0.00000000000000

 Run Gauss-Seidel Method:
 Total iterarion = 13 
 Final answer=-0.00953221293644 0.03102964159720 -0.02670288589201 0.01141034996126 0.01146101895463 -0.02304369897164 -0.01299749688888 0.00719513030871 0.01428492000333 -0.00676040847501 -0.01972940538038 -0.01051071864159 0.00129674178429 0.01355372973897 0.00473909310659 -0.00396864740256 0.00086754286324 0.00782758969610 0.01506417751114 0.01671716695877 0.00997399407190 -0.00569521204267 -0.00660199881864 0.01520867186502 0.01557562818089 -0.00928948393313 0.01837281129422 -0.00113171590029 0.00679911912328 -0.00039963100544 -0.00475246794837 -0.00526970647460 0.00410254708461 0.01919604186008 0.00361697159943 0.00515891212947 -0.00050578680710 0.00871824863514 -0.00168223701078 0.00883135454345 0.00206013977816 0.01274871251172 0.00440442739967 -0.00675708427118 0.00693900359628 -0.00611678397905 0.01290455862183 -0.00615798112227 0.00730284481805 0.00123347070814 0.00020307639780 -0.00517444873685 -0.00761110118353 0.00296607956376 -0.00341359056213 -0.00294843977193 0.00312265119428 -0.01131796912347 0.00157298887629 0.00621244928405 0.00253063715809 -0.00733349630990 -0.00639403741618 -0.00841807034993 -0.00692266149524 -0.01444038598254 -0.00576231716805 0.00819879937534 0.00905700095553 0.00540550114649 -0.00595049757610 -0.01189990467293 -0.00636973350297 -0.00238730613017 0.00748623896884 -0.01511793390619 -0.01287261109632 0.00679700413495 -0.00894126685931 -0.00242696894187 -0.00120227710553 0.00364602163489 0.00755764759453 -0.00157433487646 -0.00955382747928 -0.00262015288562 -0.00518770865543 -0.00179552445352 0.01253654274029 0.01046167958767 0.00528311646368 -0.00722559894358 0.00897931264537 -0.00411299351431 0.00034393118885 -0.01763730911159 0.00073161555561 -0.00985187430089 -0.01211137368952 -0.00197408135070 error = 0.00000000000000

 Total running time of my code is 0.00015550404998
diary off
